# solution IDs are scoped to this hipBLASLt version and device architecture
STRATA_HIPBLASLT_TUNING_V1 gfx1150 100401
f16 12288 2560 12288 16384 1156
f16 10240 2560 10240 16384 1156
f16 6144 2560 6144 16384 1156
f16 2560 6144 2560 16384 1156
f16 2560 640 2560 16384 1156
f16 640 2560 640 16384 1156
f16 512 2560 512 16384 1156
bf16 10240 2560 10240 16384 542
bf16 10240 320 10240 16384 542
bf16 320 10240 320 16384 542
bf16 2560 2560 2560 16384 542
bf16 512 2560 512 16384 542
bf16 128 2560 128 16384 542
bf16 48 2560 96 16384 542
bf16 4 10240 4 16384 540
bf16 1 2560 1 16384 541
f16 12288 2560 12288 8192 1156
f16 10240 2560 10240 8192 1156
f16 6144 2560 6144 8192 1156
f16 2560 6144 2560 8192 1156
f16 2560 640 2560 8192 1156
f16 640 2560 640 8192 1156
f16 512 2560 512 8192 1156
bf16 10240 2560 10240 8192 542
bf16 10240 320 10240 8192 542
bf16 320 10240 320 8192 542
bf16 2560 2560 2560 8192 542
bf16 512 2560 512 8192 542
bf16 128 2560 128 8192 542
bf16 48 2560 96 8192 542
bf16 4 10240 4 8192 539
bf16 1 2560 1 8192 541
f16 12288 2560 12288 4096 1156
f16 10240 2560 10240 4096 1156
f16 6144 2560 6144 4096 1156
f16 2560 6144 2560 4096 1156
f16 2560 640 2560 4096 1156
f16 640 2560 640 4096 1156
f16 512 2560 512 4096 1156
bf16 10240 2560 10240 4096 542
bf16 10240 320 10240 4096 542
bf16 320 10240 320 4096 542
bf16 2560 2560 2560 4096 542
bf16 512 2560 512 4096 542
bf16 128 2560 128 4096 542
bf16 48 2560 96 4096 539
bf16 4 10240 4 4096 540
bf16 1 2560 1 4096 540
f16 12288 2560 12288 2048 1156
f16 10240 2560 10240 2048 1156
f16 6144 2560 6144 2048 1156
f16 2560 6144 2560 2048 1156
f16 2560 640 2560 2048 1156
f16 640 2560 640 2048 1156
f16 512 2560 512 2048 1156
bf16 10240 2560 10240 2048 542
bf16 10240 320 10240 2048 542
bf16 320 10240 320 2048 542
bf16 2560 2560 2560 2048 542
bf16 512 2560 512 2048 542
bf16 128 2560 128 2048 542
bf16 48 2560 96 2048 542
bf16 4 10240 4 2048 555
bf16 1 2560 1 2048 539
f16 12288 2560 12288 1024 1156
f16 10240 2560 10240 1024 1156
f16 6144 2560 6144 1024 1156
f16 2560 6144 2560 1024 1156
f16 2560 640 2560 1024 1156
f16 640 2560 640 1024 1156
f16 512 2560 512 1024 1156
bf16 10240 2560 10240 1024 542
bf16 10240 320 10240 1024 542
bf16 320 10240 320 1024 542
bf16 2560 2560 2560 1024 542
bf16 512 2560 512 1024 542
bf16 128 2560 128 1024 542
bf16 48 2560 96 1024 541
bf16 4 10240 4 1024 553
bf16 1 2560 1 1024 541
f16 12288 2560 12288 512 1156
f16 10240 2560 10240 512 1156
f16 6144 2560 6144 512 1156
f16 2560 6144 2560 512 1156
f16 2560 640 2560 512 1156
f16 640 2560 640 512 1156
f16 512 2560 512 512 1156
bf16 10240 2560 10240 512 542
bf16 10240 320 10240 512 542
bf16 320 10240 320 512 542
bf16 2560 2560 2560 512 542
bf16 512 2560 512 512 541
bf16 128 2560 128 512 542
bf16 48 2560 96 512 542
bf16 4 10240 4 512 553
bf16 1 2560 1 512 555
f16 12288 2560 12288 256 1156
f16 10240 2560 10240 256 1156
f16 6144 2560 6144 256 1156
f16 2560 6144 2560 256 1156
f16 2560 640 2560 256 1156
f16 640 2560 640 256 1156
f16 512 2560 512 256 1156
bf16 10240 2560 10240 256 542
bf16 10240 320 10240 256 542
bf16 320 10240 320 256 541
bf16 2560 2560 2560 256 542
bf16 512 2560 512 256 542
bf16 128 2560 128 256 540
bf16 48 2560 96 256 543
bf16 4 10240 4 256 539
bf16 1 2560 1 256 553
f16 12288 2560 12288 128 1154
f16 10240 2560 10240 128 1154
f16 6144 2560 6144 128 1154
f16 2560 6144 2560 128 1156
f16 2560 640 2560 128 1156
f16 640 2560 640 128 1167
f16 512 2560 512 128 1156
bf16 10240 2560 10240 128 540
bf16 10240 320 10240 128 542
bf16 320 10240 320 128 541
bf16 2560 2560 2560 128 542
bf16 512 2560 512 128 541
bf16 128 2560 128 128 552
bf16 48 2560 96 128 543
bf16 4 10240 4 128 543
bf16 1 2560 1 128 553
f16 12288 2560 12288 64 1154
f16 10240 2560 10240 64 1154
f16 6144 2560 6144 64 1154
f16 2560 6144 2560 64 1156
f16 2560 640 2560 64 1156
f16 640 2560 640 64 1155
f16 512 2560 512 64 1154
bf16 10240 2560 10240 64 541
bf16 10240 320 10240 64 541
bf16 320 10240 320 64 539
bf16 2560 2560 2560 64 541
bf16 512 2560 512 64 555
bf16 128 2560 128 64 555
bf16 48 2560 96 64 554
bf16 4 10240 4 64 543
bf16 1 2560 1 64 543
